[gd_scene load_steps=8 format=2]

[ext_resource path="res://resources/materials/prototype/floor_dark.tres" type="Material" id=1]
[ext_resource path="res://scenes/prefabs/player.tscn" type="PackedScene" id=2]
[ext_resource path="res://resources/materials/prototype/wall_orange.tres" type="Material" id=3]
[ext_resource path="res://assets/textures/kenny_nl_prototype_textures/Green/texture_02.png" type="Texture" id=4]
[ext_resource path="res://scenes/prefabs/bean_boi.tscn" type="PackedScene" id=5]
[ext_resource path="res://scenes/prefabs/bean_boi_spawner.gd" type="Script" id=6]

[sub_resource type="SpatialMaterial" id=1]
albedo_texture = ExtResource( 4 )

[node name="TestMap" type="Spatial"]

[node name="Player" parent="." instance=ExtResource( 2 )]
transform = Transform( 1, 0, 0, 0, 1, 0, 0, 0, 1, -0.813631, 1.58717, 4.33607 )

[node name="CSGCombiner" type="CSGCombiner" parent="."]
use_collision = true
collision_mask = 0

[node name="CSGBox" type="CSGBox" parent="CSGCombiner"]
transform = Transform( 1, 0, 0, 0, 1, 0, 0, 0, 1, 0, -0.5, 0 )
width = 60.0
height = 1.0
depth = 60.0
material = ExtResource( 1 )

[node name="CSGBox9" type="CSGBox" parent="CSGCombiner"]
transform = Transform( 1, 0, 0, 0, 1, 0, 0, 0, 1, 23, 4.5, 8 )
width = 10.0
height = 1.0
depth = 40.0
material = ExtResource( 1 )

[node name="CSGBox10" type="CSGBox" parent="CSGCombiner"]
transform = Transform( 1, 0, 0, 0, 1, 0, 0, 0, 1, -7, 4.5, 23 )
width = 50.0
height = 1.0
depth = 10.0
material = ExtResource( 1 )

[node name="CSGBox2" type="CSGBox" parent="CSGCombiner"]
transform = Transform( 1, 0, 0, 0, 1, 0, 0, 0, 1, 0, 4, -29 )
width = 60.0
height = 8.0
material = ExtResource( 3 )

[node name="CSGBox3" type="CSGBox" parent="CSGCombiner"]
transform = Transform( 1, 0, 0, 0, 1, 0, 0, 0, 1, 0, 4, 29 )
width = 60.0
height = 8.0
material = ExtResource( 3 )

[node name="CSGBox4" type="CSGBox" parent="CSGCombiner"]
transform = Transform( 1, 0, 0, 0, 1, 0, 0, 0, 1, -29, 4, 0 )
height = 8.0
depth = 60.0
material = ExtResource( 3 )

[node name="CSGBox5" type="CSGBox" parent="CSGCombiner"]
transform = Transform( 1, 0, 0, 0, 1, 0, 0, 0, 1, 29, 4, 0 )
height = 8.0
depth = 60.0
material = ExtResource( 3 )

[node name="CSGBox6" type="CSGBox" parent="CSGCombiner"]
transform = Transform( 1, 0, 0, 0, 1, 0, 0, 0, 1, 0, 2, -12 )
width = 4.0
height = 4.0
depth = 4.0
material = SubResource( 1 )

[node name="CSGBox12" type="CSGBox" parent="CSGCombiner"]
transform = Transform( 1, 0, 0, 0, 1, 0, 0, 0, 1, -26, 7, 26 )
width = 4.0
height = 4.0
depth = 4.0
material = SubResource( 1 )

[node name="CSGBox7" type="CSGBox" parent="CSGCombiner"]
transform = Transform( 0.707107, 0, 0.707107, 0, 1, 0, -0.707107, 0, 0.707107, -14, 1, -6 )
width = 4.0
material = SubResource( 1 )

[node name="CSGBox8" type="CSGBox" parent="CSGCombiner"]
transform = Transform( 0.965926, 0, -0.258819, 0, 1, 0, 0.258819, 0, 0.965926, -10, 1, -8 )
width = 4.0
material = SubResource( 1 )

[node name="CSGBox13" type="CSGBox" parent="CSGCombiner"]
transform = Transform( 0.965926, 0, -0.258819, 0, 1, 0, 0.258819, 0, 0.965926, -8, 6, 19 )
width = 4.0
material = SubResource( 1 )

[node name="CSGBox14" type="CSGBox" parent="CSGCombiner"]
transform = Transform( 1, 0, -7.45058e-08, 0, 1, 0, 7.45058e-08, 0, 1, 6, 6, 27 )
width = 4.0
material = SubResource( 1 )

[node name="CSGBox11" type="CSGBox" parent="CSGCombiner"]
transform = Transform( 0.965926, 0, 0.258819, 0, 1, 0, -0.258819, 0, 0.965926, 18, 6, 19 )
width = 4.0
material = SubResource( 1 )

[node name="CSGPolygon" type="CSGPolygon" parent="CSGCombiner"]
transform = Transform( -4.37114e-08, 0, 1, 0, 1, 0, -1, 0, -4.37114e-08, 28, 0, -12 )
polygon = PoolVector2Array( 0, 0, 0, 5, 11, 0, 6, 0 )
depth = 10.0
material = ExtResource( 1 )

[node name="CSGPolygon2" type="CSGPolygon" parent="CSGCombiner"]
transform = Transform( -4.37114e-08, 0, 1, 0, 1, 0, -1, 0, -4.37114e-08, -18, 0, 18 )
polygon = PoolVector2Array( 0, 0, 0, 5, 11, 0, 6, 0 )
depth = 10.0
material = ExtResource( 1 )

[node name="DirectionalLight" type="DirectionalLight" parent="."]
transform = Transform( 0.707107, -0.612372, -0.353553, 0, -0.5, 0.866025, -0.707107, -0.612372, -0.353553, 0, 11, 0 )
shadow_enabled = true
shadow_color = Color( 0.367859, 0.438795, 0.574219, 1 )

[node name="BeanBoiSpawner" type="Node" parent="."]
script = ExtResource( 6 )
max_bois = 1
bean_boi_scene = ExtResource( 5 )

[node name="BeanBoiSpawnPoint" type="Spatial" parent="." groups=["bean_boi_spawns"]]
transform = Transform( 1, 0, 0, 0, 1, 0, 0, 0, 1, 0, 1.58755, -9.42203 )
